1.0
0.3783783783783784
0.375
0.27586206896551724
0.5633802816901409
0.45454545454545453
0.5116279069767442
0.4
0.2857142857142857
0.4423076923076923
0.3225806451612903
0.3684210526315789
0.2916666666666667
0.3076923076923077
0.3191489361702128
0.2916666666666667
0.3466666666666667
0.3870967741935484
0.46511627906976744
0.4367816091954023
0.46296296296296297
0.35714285714285715
0.3783783783783784
0.4691358024691358
0.34951456310679613
0.3225806451612903
0.4247787610619469
0.5454545454545454
0.43333333333333335
0.5333333333333333
0.44155844155844154
0.5277777777777778
0.48739495798319327
0.37606837606837606
0.3018867924528302
0.375
0.45614035087719296
0.375
0.5625
0.3829787234042553
0.5166666666666667
0.4186046511627907
0.5769230769230769
0.5205479452054794
0.5423728813559322
0.3611111111111111
0.6470588235294118
0.425
0.44
0.5777777777777777
0.42857142857142855
0.3333333333333333
0.48
0.3492063492063492
0.37209302325581395
0.2777777777777778
0.35135135135135137
0.5416666666666666
0.32142857142857145
0.3333333333333333
1.0
0.6666666666666666
1.0
0.6666666666666666
0.6956521739130435
0.6666666666666666
0.6666666666666666
0.2857142857142857
1.0
0.8
0.5454545454545454
0.6666666666666666
0.6206896551724138
0.38461538461538464
0.6666666666666666
0.5
0.4
0.56
0.36363636363636365
0.5217391304347826
0.6382978723404256
0.6
0.6666666666666666
0.42857142857142855
0.41379310344827586
0.6666666666666666
0.2857142857142857
0.32
0.4375
0.6666666666666666
0.36363636363636365
0.6666666666666666
0.391304347826087
0.64
0.4444444444444444
0.6666666666666666
0.7692307692307693
0.6545454545454545
0.6666666666666666
0.6153846153846154
0.7702702702702703
0.625
0.6060606060606061
0.41379310344827586
0.7317073170731707
0.6774193548387096
0.45161290322580644
0.5
0.5507246376811594
0.6538461538461539
0.4
0.7727272727272727
0.7636363636363637
0.7169811320754716
0.6285714285714286
0.7272727272727273
0.6956521739130435
0.7792207792207793
0.6428571428571429
0.5316455696202531
0.4117647058823529
0.6956521739130435
0.6326530612244898
0.7213114754098361
0.4
0.47058823529411764
0.2857142857142857
0.7169811320754716
0.7105263157894737
0.8846153846153846
0.7428571428571429
0.6666666666666666
0.7692307692307693
0.5333333333333333
0.4117647058823529
0.7111111111111111
0.8
0.7346938775510204
0.5
0.40816326530612246
0.4074074074074074
0.5373134328358209
0.704225352112676
0.7843137254901961
0.7619047619047619
0.7714285714285715
0.8461538461538461
0.6666666666666666
0.6407766990291263
0.7246376811594203
0.7692307692307693
0.4666666666666667
0.7619047619047619
0.5384615384615384
0.7857142857142857
0.5909090909090909
0.38095238095238093
0.5660377358490566
0.75
0.7
0.5882352941176471
0.5
0.7142857142857143
0.3157894736842105
0.5714285714285714
0.72
0.8
0.6153846153846154
0.735632183908046
0.8
0.5
0.8
0.6666666666666666
0.5853658536585366
0.3888888888888889
0.3333333333333333
0.37209302325581395
0.6666666666666666
0.8181818181818182
0.5833333333333334
0.7586206896551724
0.3728813559322034
0.6216216216216216
0.5454545454545454
0.7619047619047619
0.7843137254901961
0.7301587301587301
0.6792452830188679
0.7368421052631579
0.6956521739130435
0.8333333333333334
0.41025641025641024
0.6122448979591837
0.3333333333333333
0.6274509803921569
0.7317073170731707
0.6428571428571429
0.6875
0.75
0.6666666666666666
0.6909090909090909
0.7666666666666667
0.46153846153846156
0.5714285714285714
0.5416666666666666
0.4583333333333333
0.5333333333333333
0.6956521739130435
0.6486486486486487
0.6666666666666666
0.6153846153846154
0.782608695652174
0.6410256410256411
0.4225352112676056
0.7450980392156863
0.4
0.6382978723404256
0.6835443037974683
0.6909090909090909
0.6222222222222222
0.7647058823529411
0.7
0.5714285714285714
0.7058823529411765
0.8
0.8055555555555556
0.7272727272727273
0.6666666666666666
0.6666666666666666
0.8260869565217391
0.647887323943662
0.7428571428571429
0.6666666666666666
1.0
0.7540983606557377
0.7857142857142857
0.24
0.42105263157894735
0.5714285714285714
0.7816091954022989
0.1
0.72
0.5822784810126582
0.47058823529411764
0.8
0.4
0.5294117647058824
0.42105263157894735
0.6086956521739131
0.6885245901639344
0.8666666666666667
0.6956521739130435
0.3
0.7142857142857143
0.75
0.4927536231884058
0.3448275862068966
0.5714285714285714
0.6666666666666666
0.8928571428571429
0.7333333333333333
0.7058823529411765
0.8292682926829268
0.6938775510204082
0.5151515151515151
0.75
0.6896551724137931
0.6923076923076923
0.7692307692307693
0.7368421052631579
0.6666666666666666
0.6582278481012658
0.6129032258064516
0.56
0.696969696969697
0.4
0.2608695652173913
0.7111111111111111
0.7843137254901961
0.3333333333333333
0.4444444444444444
0.8148148148148148
0.5
0.7368421052631579
0.5
0.5714285714285714
0.5789473684210527
0.48484848484848486
0.7894736842105263
0.6226415094339622
0.7222222222222222
0.7457627118644068
0.7142857142857143
0.7647058823529411
0.72
0.7906976744186046
0.574468085106383
0.8292682926829268
0.7407407407407407
0.7169811320754716
0.631578947368421
0.7317073170731707
0.2727272727272727
0.7207207207207207
0.5714285714285714
0.7441860465116279
0.7294117647058823
0.7741935483870968
0.7755102040816326
0.7894736842105263
0.8653846153846154
0.7073170731707317
0.7142857142857143
0.6382978723404256
0.625
0.5569620253164557
0.6153846153846154
0.4583333333333333
0.75
0.6666666666666666
0.5102040816326531
0.6486486486486487
0.7333333333333333
0.7079646017699115
0.5542168674698795
0.6363636363636364
0.6153846153846154
0.5
0.5238095238095238
0.8181818181818182
0.6909090909090909
0.6086956521739131
0.5675675675675675
0.7692307692307693
0.6037735849056604
0.6666666666666666
0.7894736842105263
0.4864864864864865
0.7916666666666666
0.7801418439716312
0.5925925925925926
0.7407407407407407
0.6153846153846154
0.5753424657534246
0.4897959183673469
0.45161290322580644
0.3764705882352941
0.2857142857142857
0.6666666666666666
0.746268656716418
0.5714285714285714
0.7916666666666666
0.7555555555555555
0.7317073170731707
0.8235294117647058
0.5384615384615384
0.7567567567567568
0.36363636363636365
0.5555555555555556
0.6956521739130435
0.3380281690140845
0.76
0.6666666666666666
0.6956521739130435
0.6756756756756757
0.7368421052631579
0.45454545454545453
0.3333333333333333
0.36363636363636365
0.5277777777777778
0.5128205128205128
0.6419753086419753
0.8391608391608392
0.6976744186046512
0.7887323943661971
0.6666666666666666
0.8048780487804879
0.75
0.7948717948717948
0.7647058823529411
0.6923076923076923
0.46153846153846156
0.8571428571428571
0.6666666666666666
0.5714285714285714
0.55
0.7714285714285715
0.8421052631578947
0.7735849056603774
0.3013698630136986
0.6588235294117647
0.7692307692307693
0.7741935483870968
0.7285714285714285
0.46956521739130436
0.7407407407407407
0.7083333333333334
0.64
0.7037037037037037
0.379746835443038
0.5319148936170213
0.4050632911392405
0.47368421052631576
0.47368421052631576
0.723404255319149
0.8253968253968254
0.7526881720430108
0.7692307692307693
0.631578947368421
0.6956521739130435
0.0
0.5
0.5833333333333334
0.5777777777777777
0.75
0.7843137254901961
0.8235294117647058
0.6896551724137931
0.6172839506172839
0.7567567567567568
0.6666666666666666
0.5517241379310345
0.7741935483870968
0.6666666666666666
0.5
0.42424242424242425
0.7878787878787878
0.75
0.39344262295081966
0.425531914893617
0.5666666666666667
0.7619047619047619
0.7704918032786885
0.5901639344262295
0.5747126436781609
0.7142857142857143
0.358974358974359
0.6428571428571429
0.6153846153846154
0.46808510638297873
0.6296296296296297
0.7142857142857143
0.7647058823529411
0.6486486486486487
0.6666666666666666
0.5
0.5483870967741935
0.6875
0.6486486486486487
0.7931034482758621
0.7
0.6216216216216216
0.6862745098039216
0.4864864864864865
0.6333333333333333
0.5714285714285714
0.8378378378378378
0.7572815533980582
0.6666666666666666
0.68
0.6190476190476191
0.5740740740740741
0.5894736842105263
0.7894736842105263
0.5384615384615384
0.7837837837837838
0.8524590163934426
0.7222222222222222
0.7272727272727273
0.723404255319149
0.7578947368421053
0.6666666666666666
0.6666666666666666
0.5245901639344263
0.3125
0.6086956521739131
0.5283018867924528
0.8372093023255814
0.5393258426966292
0.6732673267326733
0.5641025641025641
0.6
0.7741935483870968
0.7478260869565218
0.43956043956043955
0.8169014084507042
0.6896551724137931
0.5714285714285714
0.6153846153846154
0.7868852459016393
0.7205882352941176
0.6756756756756757
0.723404255319149
0.5
0.8
0.7901234567901234
0.7222222222222222
0.6842105263157895
0.5316455696202531
0.46153846153846156
0.6808510638297872
0.6666666666666666
0.6944444444444444
0.5714285714285714
0.5652173913043478
0.5263157894736842
0.35294117647058826
0.8135593220338984
0.6
0.631578947368421
0.5
0.3157894736842105
0.5
0.7450980392156863
0.735632183908046
0.6818181818181818
0.75
0.5238095238095238
0.4146341463414634
0.5411764705882353
0.7428571428571429
0.6865671641791045
0.5172413793103449
0.7307692307692307
0.8210526315789474
0.5185185185185185
0.5757575757575758
0.7692307692307693
0.7628865979381443
0.7857142857142857
0.7931034482758621
0.7123287671232876
0.4657534246575342
0.696969696969697
0.6046511627906976
0.6842105263157895
0.75
0.6060606060606061
0.6666666666666666
0.6571428571428571
0.8181818181818182
0.7272727272727273
0.6666666666666666
0.6268656716417911
0.75
0.6190476190476191
0.5974025974025974
0.7555555555555555
0.6376811594202898
0.42105263157894735
0.6666666666666666
0.7692307692307693
0.8656716417910447
0.7764705882352941
0.4
0.32786885245901637
0.5882352941176471
0.8076923076923077
0.4444444444444444
0.4827586206896552
0.6666666666666666
0.3076923076923077
0.5666666666666667
0.42990654205607476
0.47058823529411764
0.4117647058823529
0.3728813559322034
0.37209302325581395
0.4090909090909091
0.4375
0.3142857142857143
0.4057971014492754
0.4657534246575342
0.4788732394366197
0.425531914893617
0.5
0.391304347826087
0.3333333333333333
0.36363636363636365
0.4090909090909091
0.56
0.35294117647058826
0.5185185185185185
0.49382716049382713
0.4155844155844156
0.3853211009174312
0.34375
0.5526315789473685
0.4838709677419355
0.45714285714285713
0.47058823529411764
0.75
0.5416666666666666
0.45161290322580644
0.47058823529411764
0.4642857142857143
0.43243243243243246
0.4
0.32
0.5135135135135135
0.4230769230769231
0.48
0.6666666666666666
0.40540540540540543
0.30434782608695654
0.35
0.3883495145631068
0.3418803418803419
0.4444444444444444
0.3076923076923077
0.36363636363636365
0.5423728813559322
0.48
0.35714285714285715
0.2857142857142857
0.4915254237288136
0.49382716049382713
0.5688073394495413
0.6153846153846154
0.2857142857142857
0.6329113924050633
0.5777777777777777
0.5588235294117647
0.35714285714285715
0.3793103448275862
0.4842105263157895
0.35135135135135137
0.3695652173913043
0.45
0.5
0.4691358024691358
0.5194805194805194
0.41025641025641024
0.4444444444444444
0.5714285714285714
0.4
0.5581395348837209
0.4
0.36363636363636365
0.3076923076923077
1.0
1.0
0.6323529411764706
0.4566929133858268
0.5238095238095238
0.45045045045045046
0.5046728971962616
0.375
0.46808510638297873
0.39436619718309857
0.6122448979591837
0.6938775510204082
0.4864864864864865
0.5161290322580645
0.6835443037974683
0.6521739130434783
0.6031746031746031
0.5555555555555556
0.42857142857142855
0.5098039215686274
0.37037037037037035
0.48598130841121495
0.4603174603174603
0.5112781954887218
0.4
0.4742268041237113
0.5
0.42424242424242425
0.5742574257425742
0.4927536231884058
0.5742574257425742
0.48484848484848486
0.44680851063829785
0.4489795918367347
0.2857142857142857
0.3225806451612903
0.5476190476190477
0.6440677966101694
0.7222222222222222
0.5052631578947369
0.5671641791044776
0.44776119402985076
0.5263157894736842
0.5853658536585366
0.4383561643835616
0.36363636363636365
0.6428571428571429
0.4
0.4727272727272727
0.5833333333333334
0.43333333333333335
0.2857142857142857
0.5416666666666666
0.625
0.48598130841121495
0.45454545454545453
0.32786885245901637
0.5192307692307693
0.5205479452054794
0.42696629213483145
0.35294117647058826
0.5833333333333334
0.5
0.5079365079365079
0.4489795918367347
0.6451612903225806
0.3333333333333333
0.47706422018348627
0.559322033898305
0.47619047619047616
0.3333333333333333
0.4090909090909091
0.4788732394366197
0.4126984126984127
0.43478260869565216
0.35714285714285715
0.5714285714285714
0.4672897196261682
0.3333333333333333
0.4954128440366973
0.5517241379310345
0.5925925925925926
0.43859649122807015
0.34782608695652173
0.3492063492063492
0.2711864406779661
0.3225806451612903
0.36
0.37142857142857144
0.35714285714285715
0.5185185185185185
0.32727272727272727
0.3333333333333333
0.5660377358490566
0.55
0.5581395348837209
0.45
0.6486486486486487
0.6296296296296297
0.5411764705882353
0.3793103448275862
0.3937007874015748
0.38181818181818183
0.34146341463414637
0.625
0.5945945945945946
0.2727272727272727
0.6122448979591837
0.4842105263157895
0.2641509433962264
0.40404040404040403
0.35294117647058826
0.4186046511627907
0.35714285714285715
0.5
0.410958904109589
0.6206896551724138
0.3582089552238806
0.42857142857142855
0.4262295081967213
0.3865546218487395
0.3
0.6666666666666666
0.6666666666666666
0.5454545454545454
0.453781512605042
0.35658914728682173
0.4827586206896552
0.4406779661016949
0.4444444444444444
0.46511627906976744
0.35294117647058826
0.3333333333333333
0.46808510638297873
0.5757575757575758
0.6666666666666666
0.45454545454545453
0.5301204819277109
0.26666666666666666
0.3582089552238806
0.56
0.3333333333333333
0.7586206896551724
0.6666666666666666
0.6153846153846154
0.5769230769230769
0.3888888888888889
0.38095238095238093
0.358974358974359
0.40816326530612246
0.5
0.4473684210526316
0.3333333333333333
0.38095238095238093
0.4375
0.5272727272727272
0.5652173913043478
0.43333333333333335
0.6046511627906976
0.35714285714285715
0.32
0.42105263157894735
0.4411764705882353
0.4897959183673469
0.5614035087719298
0.47761194029850745
0.3076923076923077
0.4
0.43243243243243246
0.4117647058823529
0.5217391304347826
0.3793103448275862
0.46938775510204084
0.5
0.36
0.5454545454545454
0.5544554455445545
0.5454545454545454
0.43373493975903615
0.38095238095238093
0.47619047619047616
0.35294117647058826
0.43636363636363634
0.41025641025641024
0.5034013605442177
0.631578947368421
0.35555555555555557
0.3333333333333333
0.45977011494252873
0.38961038961038963
0.45614035087719296
0.3855421686746988
0.4
0.5245901639344263
0.41025641025641024
0.4745762711864407
0.35135135135135137
0.4642857142857143
0.5833333333333334
0.5263157894736842
0.5454545454545454
0.5263157894736842
0.4666666666666667
0.5420560747663551
0.32432432432432434
0.391304347826087
0.4307692307692308
0.5230769230769231
0.4583333333333333
0.38596491228070173
0.4
0.6153846153846154
0.5384615384615384
0.5294117647058824
0.36363636363636365
0.34782608695652173
0.4666666666666667
0.3076923076923077
0.38095238095238093
0.4523809523809524
0.5294117647058824
0.5714285714285714
0.5040650406504065
0.5
0.30434782608695654
0.3548387096774194
0.45569620253164556
0.5066666666666667
0.4827586206896552
0.4782608695652174
0.4897959183673469
0.2857142857142857
0.4722222222222222
0.44155844155844154
0.4
0.3333333333333333
0.5245901639344263
0.5679012345679012
0.4
0.5
0.5135135135135135
0.5230769230769231
0.417910447761194
0.3561643835616438
0.4444444444444444
0.3157894736842105
0.5217391304347826
0.37037037037037035
0.3
0.5373134328358209
0.4
0.5
0.4918032786885246
0.5370370370370371
0.45714285714285713
0.42857142857142855
0.2857142857142857
0.39622641509433965
0.3157894736842105
0.5964912280701754
0.36
0.5846153846153846
0.42105263157894735
0.6538461538461539
0.42857142857142855
0.38202247191011235
0.5555555555555556
0.4375
0.36
0.3076923076923077
0.375
0.6181818181818182
0.5396825396825397
0.43902439024390244
0.48484848484848486
0.5833333333333334
0.3142857142857143
0.46551724137931033
0.6060606060606061
0.4594594594594595
0.5
0.4528301886792453
0.4931506849315068
0.5555555555555556
0.4888888888888889
0.2857142857142857
0.3333333333333333
0.3783783783783784
0.43137254901960786
0.5217391304347826
0.4067796610169492
0.5
0.3333333333333333
0.3333333333333333
0.5567010309278351
0.42857142857142855
0.2631578947368421
0.5714285714285714
0.4897959183673469
0.5
0.4375
0.6666666666666666
0.6206896551724138
0.4
0.44
0.4838709677419355
0.4642857142857143
0.41509433962264153
0.36363636363636365
0.36363636363636365
0.5354330708661418
0.36363636363636365
0.42857142857142855
0.6190476190476191
0.6060606060606061
0.3333333333333333
0.41975308641975306
0.38461538461538464
0.6086956521739131
0.46511627906976744
0.3181818181818182
0.3333333333333333
0.5084745762711864
0.47368421052631576
0.6545454545454545
0.5797101449275363
0.4
0.3870967741935484
0.515625
0.3235294117647059
0.37037037037037035
0.5675675675675675
0.4444444444444444
0.5306122448979592
0.8
0.3404255319148936
0.35294117647058826
0.5238095238095238
0.2857142857142857
0.4838709677419355
0.5
0.6557377049180327
0.5714285714285714
0.6785714285714286
0.375
0.38596491228070173
0.49504950495049505
0.2777777777777778
0.43902439024390244
0.3783783783783784
0.4533333333333333
0.4230769230769231
0.36363636363636365
0.32558139534883723
0.5116279069767442
0.4827586206896552
0.45161290322580644
0.38095238095238093
0.34782608695652173
0.5333333333333333
0.3469387755102041
0.432
0.5370370370370371
0.6842105263157895
0.5116279069767442
0.6304347826086957
0.35294117647058826
0.3333333333333333
0.4
0.3333333333333333
0.39285714285714285
0.5555555555555556
0.41025641025641024
0.4827586206896552
0.47368421052631576
0.5588235294117647
0.5283018867924528
0.46153846153846156
0.5853658536585366
0.37037037037037035
0.56
0.5777777777777777
0.7058823529411765
0.5454545454545454
0.6153846153846154
0.4117647058823529
0.5319148936170213
0.40384615384615385
0.3076923076923077
0.3157894736842105
0.5647058823529412
0.41025641025641024
0.3492063492063492
0.4444444444444444
0.5172413793103449
0.37037037037037035
0.4727272727272727
0.48484848484848486
0.53125
0.5925925925925926
0.45098039215686275
0.425531914893617
0.5
0.4819277108433735
0.4954128440366973
0.3870967741935484
0.6666666666666666
0.5106382978723404
0.4126984126984127
0.43956043956043955
0.26666666666666666
0.27586206896551724
0.4
0.36363636363636365
0.34615384615384615
0.41025641025641024
0.32989690721649484
0.3146067415730337
0.5
0.37623762376237624
0.41509433962264153
0.2777777777777778
0.4444444444444444
0.4523809523809524
0.4864864864864865
0.4307692307692308
0.5263157894736842
0.3076923076923077
0.3793103448275862
0.4411764705882353
0.32
0.2857142857142857
0.36363636363636365
0.30303030303030304
0.6666666666666666
0.5693430656934306
0.45161290322580644
0.3673469387755102
0.3655913978494624
0.3125
0.3333333333333333
0.3333333333333333
0.5423728813559322
0.36363636363636365
0.45161290322580644
0.26666666666666666
0.4878048780487805
0.4090909090909091
0.38461538461538464
0.4090909090909091
0.358974358974359
0.42857142857142855
0.30985915492957744
0.3409090909090909
0.42857142857142855
0.4931506849315068
0.4307692307692308
0.3191489361702128
0.4090909090909091
0.3333333333333333
0.3047619047619048
0.3333333333333333
0.36363636363636365
0.2857142857142857
0.358974358974359
0.2857142857142857
0.26666666666666666
0.6329113924050633
0.3870967741935484
0.3
0.5
0.4444444444444444
0.42857142857142855
0.4
0.5
0.2702702702702703
0.41379310344827586
0.36363636363636365
0.29850746268656714
0.3333333333333333
0.2631578947368421
0.45454545454545453
0.4
0.32653061224489793
0.6
0.5
0.43902439024390244
0.5
0.4050632911392405
0.5423728813559322
0.4745762711864407
0.29411764705882354
0.5714285714285714
0.5
0.5454545454545454
0.4
0.5538461538461539
0.3448275862068966
0.3157894736842105
0.38461538461538464
0.48
0.3673469387755102
0.5
0.36363636363636365
0.36363636363636365
0.3793103448275862
0.42424242424242425
0.5882352941176471
0.2727272727272727
0.5652173913043478
0.42105263157894735
0.6153846153846154
0.4
0.41025641025641024
0.37681159420289856
0.5161290322580645
0.5
0.43333333333333335
0.24390243902439024
0.4166666666666667
0.37037037037037035
0.5652173913043478
0.47368421052631576
0.35294117647058826
0.31746031746031744
0.4444444444444444
0.4406779661016949
0.47058823529411764
0.43243243243243246
0.35555555555555557
0.4166666666666667
0.25
0.3902439024390244
0.4666666666666667
0.34782608695652173
0.34285714285714286
1.0
0.6666666666666666
0.37037037037037035
0.3673469387755102
0.7692307692307693
0.4
0.4166666666666667
0.3611111111111111
0.35555555555555557
0.6133333333333333
0.6222222222222222
0.49122807017543857
0.5454545454545454
0.32
0.2857142857142857
0.6
0.37333333333333335
0.38596491228070173
0.25806451612903225
0.43636363636363634
0.45454545454545453
0.31746031746031744
0.46153846153846156
0.4444444444444444
0.4444444444444444
0.35714285714285715
0.4
0.35714285714285715
0.5142857142857142
0.6
0.7058823529411765
0.4864864864864865
0.5161290322580645
0.5454545454545454
0.35
0.37037037037037035
0.5
0.4
0.40816326530612246
0.37209302325581395
0.47368421052631576
0.5079365079365079
0.25
0.46153846153846156
0.32432432432432434
0.3783783783783784
0.3125
0.5066666666666667
0.4722222222222222
0.4
0.5652173913043478
0.4424778761061947
0.45161290322580644
0.3333333333333333
0.425
0.42105263157894735
0.3157894736842105
0.42857142857142855
0.10526315789473684
0.5373134328358209
0.42105263157894735
0.375
0.5
0.48
0.30303030303030304
0.4090909090909091
0.4230769230769231
0.47058823529411764
0.35294117647058826
0.5
0.38596491228070173
0.42105263157894735
0.3333333333333333
0.3157894736842105
0.32653061224489793
0.38461538461538464
0.2857142857142857
0.34782608695652173
0.47058823529411764
0.5066666666666667
0.3225806451612903
0.4
0.31746031746031744
0.2857142857142857
0.4
0.6666666666666666
0.3673469387755102
0.4
0.47368421052631576
0.25
0.3333333333333333
0.2903225806451613
0.5454545454545454
0.25
0.5172413793103449
0.3
0.23076923076923078
0.3125
0.2978723404255319
0.4175824175824176
0.6265060240963856
0.45454545454545453
0.5274725274725275
0.2222222222222222
0.46153846153846156
0.3333333333333333
0.4
0.2857142857142857
0.3076923076923077
0.4745762711864407
0.4166666666666667
0.6666666666666666
0.56
0.3333333333333333
0.5833333333333334
0.4943820224719101
0.375
0.41379310344827586
0.5
0.6428571428571429
0.4186046511627907
0.3418803418803419
0.46511627906976744
0.47619047619047616
0.39473684210526316
0.5555555555555556
0.425531914893617
0.5652173913043478
0.6507936507936508
0.5862068965517241
0.42857142857142855
0.4065040650406504
0.4307692307692308
0.36923076923076925
0.3333333333333333
0.4074074074074074
0.42105263157894735
0.46153846153846156
0.5
0.6086956521739131
0.3448275862068966
0.5454545454545454
0.3333333333333333
0.35294117647058826
0.5
0.37037037037037035
0.5714285714285714
0.3333333333333333
0.43478260869565216
0.3508771929824561
0.4915254237288136
0.46
0.4090909090909091
0.5205479452054794
0.4827586206896552
0.45454545454545453
0.4878048780487805
0.5542168674698795
0.5151515151515151
0.5625
0.5294117647058824
0.36363636363636365
0.475
0.3125
0.4523809523809524
0.43902439024390244
0.2962962962962963
0.576271186440678
0.6
0.5079365079365079
0.4897959183673469
0.4158415841584158
0.35294117647058826
0.3404255319148936
0.3157894736842105
0.32
0.6666666666666666
0.5217391304347826
0.5909090909090909
0.5777777777777777
0.41025641025641024
0.43410852713178294
0.45614035087719296
0.3157894736842105
0.46153846153846156
0.3614457831325301
0.4745762711864407
0.42105263157894735
0.6129032258064516
0.3157894736842105
0.5238095238095238
0.3188405797101449
0.3076923076923077
0.49411764705882355
0.43333333333333335
0.3958333333333333
0.45161290322580644
0.5373134328358209
0.43478260869565216
0.3870967741935484
0.4
0.42857142857142855
0.417910447761194
0.5428571428571428
0.358974358974359
0.5671641791044776
0.4307692307692308
0.5609756097560976
0.4
0.6666666666666666
0.6666666666666666
0.4642857142857143
0.5
0.6923076923076923
0.34285714285714286
0.49056603773584906
0.49056603773584906
0.5652173913043478
0.5192307692307693
0.5283018867924528
0.45714285714285713
0.631578947368421
0.3
0.5773195876288659
0.4827586206896552
0.35294117647058826
0.4057971014492754
0.4225352112676056
0.42857142857142855
0.4666666666666667
0.4
0.4166666666666667
0.45161290322580644
0.64
0.3673469387755102
0.3448275862068966
0.6666666666666666
0.6818181818181818
0.5084745762711864
0.46511627906976744
0.5
0.41025641025641024
0.5714285714285714
0.8421052631578947
0.35294117647058826
0.5862068965517241
0.5753424657534246
0.5631067961165048
0.48
0.5
1.0
0.3870967741935484
0.41379310344827586
0.3287671232876712
0.48
0.4489795918367347
0.5
0.55
0.4126984126984127
0.34146341463414637
0.625
0.6896551724137931
0.44680851063829785
0.6415094339622641
0.5671641791044776
0.4482758620689655
0.32432432432432434
0.4864864864864865
0.42696629213483145
0.4782608695652174
0.5769230769230769
0.5172413793103449
0.4444444444444444
0.4791666666666667
0.46153846153846156
0.7272727272727273
0.4230769230769231
0.3870967741935484
0.43137254901960786
0.38461538461538464
0.5
0.6428571428571429
0.45045045045045046
0.53125
0.5263157894736842
0.48
0.5
0.42105263157894735
0.37209302325581395
0.32
0.4444444444444444
0.45614035087719296
0.3888888888888889
0.5238095238095238
0.5526315789473685
0.59375
0.3902439024390244
0.4782608695652174
0.38461538461538464
0.45977011494252873
0.5714285714285714
0.4166666666666667
0.5294117647058824
0.7619047619047619
0.6363636363636364
0.6101694915254238
0.4
0.5882352941176471
0.6896551724137931
0.5384615384615384
0.40625
0.38461538461538464
0.5172413793103449
0.6405228758169934
0.4050632911392405
0.41025641025641024
0.2702702702702703
0.32558139534883723
0.32
0.3841059602649007
0.4
0.6122448979591837
0.40816326530612246
0.42857142857142855
0.5714285714285714
0.5238095238095238
0.47058823529411764
0.6388888888888888
0.5306122448979592
0.35555555555555557
0.5
0.46153846153846156
0.5562913907284768
0.42696629213483145
0.4827586206896552
0.32
0.37037037037037035
0.4835164835164835
0.45454545454545453
0.4444444444444444
0.32
0.5625
0.48
0.575
0.6666666666666666
0.42857142857142855
0.41379310344827586
0.6274509803921569
0.3333333333333333
0.3333333333333333
0.425531914893617
0.32432432432432434
0.4057971014492754
0.4146341463414634
0.5116279069767442
0.45901639344262296
0.5185185185185185
0.4166666666666667
0.38596491228070173
0.43478260869565216
0.36363636363636365
0.6181818181818182
0.4528301886792453
0.4878048780487805
0.42105263157894735
0.3157894736842105
0.2962962962962963
0.4166666666666667
0.6373626373626373
0.5238095238095238
0.3333333333333333
0.5
0.4
0.631578947368421
0.5245901639344263
0.6666666666666666
0.3157894736842105
0.4444444444444444
0.35294117647058826
0.36
0.4444444444444444
0.3448275862068966
0.5555555555555556
0.45454545454545453
0.4050632911392405
0.38095238095238093
0.3561643835616438
0.4
0.3137254901960784
0.3448275862068966
0.41025641025641024
0.46153846153846156
0.5
0.43478260869565216
0.46153846153846156
0.3333333333333333
0.4752475247524752
0.47191011235955055
0.41509433962264153
0.5714285714285714
0.3870967741935484
0.5490196078431373
0.4166666666666667
0.358974358974359
0.5523809523809524
0.35714285714285715
0.4074074074074074
0.5714285714285714
0.25
0.5714285714285714
0.34782608695652173
0.4424778761061947
0.5
0.5454545454545454
0.41379310344827586
0.45161290322580644
0.4
0.34615384615384615
0.40540540540540543
0.45
0.5396825396825397
0.5142857142857142
0.45901639344262296
0.5490196078431373
0.4666666666666667
0.35789473684210527
0.5714285714285714
0.5373134328358209
0.4528301886792453
0.3
0.5454545454545454
0.6060606060606061
0.375
0.5581395348837209
0.5945945945945946
0.5641025641025641
0.44155844155844154
0.5581395348837209
0.47058823529411764
0.6101694915254238
0.4782608695652174
0.6111111111111112
0.7586206896551724
0.5740740740740741
0.4772727272727273
0.5818181818181818
0.47368421052631576
0.42424242424242425
0.4772727272727273
0.5517241379310345
0.5
0.43478260869565216
0.5230769230769231
0.3157894736842105
0.36
0.5666666666666667
0.5142857142857142
0.59375
0.5057471264367817
0.41509433962264153
0.3448275862068966
0.36363636363636365
0.40336134453781514
0.3684210526315789
0.4496124031007752
0.660377358490566
0.5526315789473685
0.5365853658536586
0.6666666666666666
0.4605263157894737
0.46153846153846156
0.4329896907216495
0.5365853658536586
0.5116279069767442
0.34285714285714286
0.449438202247191
0.358974358974359
0.5
0.4230769230769231
0.48148148148148145
0.5853658536585366
0.41509433962264153
0.3684210526315789
0.4536082474226804
0.4897959183673469
0.5882352941176471
0.6037735849056604
0.625
0.5747126436781609
0.42105263157894735
0.42424242424242425
0.3779527559055118
0.3826086956521739
0.44776119402985076
0.37681159420289856
0.4
0.3076923076923077
0.3611111111111111
0.6363636363636364
0.6101694915254238
0.5714285714285714
0.5454545454545454
0.5185185185185185
0.6829268292682927
0.6511627906976745
0.5238095238095238
0.4307692307692308
0.4444444444444444
0.509090909090909
0.46153846153846156
0.37037037037037035
0.48
0.6052631578947368
0.6037735849056604
0.5454545454545454
0.35294117647058826
0.5765765765765766
0.4485981308411215
0.5454545454545454
0.38636363636363635
0.5135135135135135
0.4931506849315068
0.6666666666666666
0.3
0.4375
0.44776119402985076
0.38461538461538464
0.4186046511627907
0.35443037974683544
0.3684210526315789
0.7567567567567568
0.5915492957746479
0.38095238095238093
0.5409836065573771
0.4675324675324675
0.32558139534883723
0.41935483870967744
0.2857142857142857
0.32558139534883723
0.34782608695652173
0.36666666666666664
0.4329896907216495
0.4126984126984127
0.38461538461538464
0.43103448275862066
0.4230769230769231
0.46153846153846156
0.5074626865671642
0.5333333333333333
0.5531914893617021
0.3448275862068966
0.41025641025641024
0.4090909090909091
0.4186046511627907
0.4583333333333333
0.5277777777777778
0.3157894736842105
0.3870967741935484
0.4
0.45714285714285713
0.4
0.3333333333333333
0.4
0.3
0.46153846153846156
0.5517241379310345
0.4057971014492754
0.45
0.3333333333333333
0.4
0.3829787234042553
0.2978723404255319
0.3793103448275862
0.5614035087719298
0.4507042253521127
0.34285714285714286
0.375
0.23529411764705882
0.5106382978723404
0.5454545454545454
0.36666666666666664
0.4634146341463415
0.35714285714285715
0.48484848484848486
0.4666666666666667
0.3125
0.37735849056603776
0.43956043956043955
0.345679012345679
0.47191011235955055
0.6050420168067226
0.5277777777777778
0.36363636363636365
0.43478260869565216
0.35714285714285715
0.5555555555555556
0.39285714285714285
0.4528301886792453
0.3684210526315789
0.3
0.3764705882352941
0.2962962962962963
0.3793103448275862
0.4117647058823529
0.3793103448275862
0.48214285714285715
0.2857142857142857
0.3684210526315789
0.3125
0.3870967741935484
0.5581395348837209
0.3137254901960784
0.36363636363636365
0.40298507462686567
0.38235294117647056
0.41025641025641024
0.4470588235294118
0.46808510638297873
0.2807017543859649
0.3564356435643564
0.37777777777777777
0.4
0.5384615384615384
0.3793103448275862
0.32558139534883723
0.35714285714285715
0.5510204081632653
0.4444444444444444
0.5714285714285714
0.4691358024691358
0.3673469387755102
0.4838709677419355
0.3880597014925373
0.4175824175824176
0.3870967741935484
0.44776119402985076
0.39285714285714285
0.4
0.4166666666666667
0.29333333333333333
0.45161290322580644
0.5866666666666667
0.6
0.3076923076923077
0.45614035087719296
0.4074074074074074
0.375
0.3225806451612903
0.5168539325842697
0.36363636363636365
0.5
0.34285714285714286
0.4175824175824176
0.5185185185185185
0.3448275862068966
0.45901639344262296
0.47368421052631576
0.3333333333333333
0.46153846153846156
0.5102040816326531
0.3333333333333333
0.4166666666666667
0.38461538461538464
0.5225225225225225
0.4727272727272727
0.44776119402985076
0.41935483870967744
0.4533333333333333
0.36666666666666664
0.345679012345679
0.2857142857142857
0.38461538461538464
0.29411764705882354
0.5217391304347826
0.3448275862068966
0.38095238095238093
0.47368421052631576
0.3225806451612903
0.5454545454545454
0.3333333333333333
0.3333333333333333
0.4
0.5
0.35051546391752575
0.4594594594594595
0.4
0.3764705882352941
0.5396825396825397
0.3617021276595745
0.4
0.3333333333333333
0.46153846153846156
0.35294117647058826
0.5333333333333333
0.5161290322580645
0.43137254901960786
0.5263157894736842
0.3235294117647059
0.375
0.46464646464646464
0.3684210526315789
0.3595505617977528
0.37037037037037035
0.5882352941176471
0.5
0.4146341463414634
0.5806451612903226
0.46153846153846156
0.49411764705882355
0.4
0.5106382978723404
0.37037037037037035
0.34615384615384615
0.34285714285714286
0.3225806451612903
0.2631578947368421
0.5
0.36363636363636365
0.45161290322580644
0.3
0.47368421052631576
0.45
0.6666666666666666
0.36363636363636365
0.5777777777777777
0.6181818181818182
0.7272727272727273
0.39473684210526316
0.38095238095238093
0.4
0.4421052631578947
0.3103448275862069
0.46153846153846156
0.27906976744186046
0.3076923076923077
0.3333333333333333
0.3076923076923077
0.3614457831325301
0.32432432432432434
0.4117647058823529
0.32653061224489793
0.3291139240506329
0.38461538461538464
0.35714285714285715
0.2857142857142857
0.25
0.4117647058823529
0.37681159420289856
0.39215686274509803
0.34782608695652173
0.49056603773584906
0.33962264150943394
0.32098765432098764
0.38235294117647056
0.31746031746031744
0.3076923076923077
0.35294117647058826
0.3586206896551724
0.32558139534883723
0.44
0.36363636363636365
0.46511627906976744
0.2857142857142857
0.43478260869565216
0.2711864406779661
0.41975308641975306
0.3333333333333333
0.32
0.37209302325581395
0.3655913978494624
0.5818181818181818
0.4
0.30303030303030304
0.6296296296296297
0.5
0.5714285714285714
0.4883720930232558
0.48148148148148145
0.3225806451612903
0.410958904109589
0.42105263157894735
0.5
0.4126984126984127
0.5
0.46511627906976744
0.42857142857142855
0.2777777777777778
0.42105263157894735
0.4
0.42016806722689076
0.34782608695652173
0.449438202247191
0.3902439024390244
0.41025641025641024
0.5
0.6666666666666666
0.4
0.5172413793103449
0.4057971014492754
0.5081967213114754
0.5
0.5357142857142857
0.3582089552238806
0.4411764705882353
0.3870967741935484
0.4230769230769231
0.38235294117647056
0.4
0.367816091954023
0.4050632911392405
0.2777777777777778
0.37037037037037035
0.4225352112676056
0.4528301886792453
0.32727272727272727
0.5148514851485149
0.5132743362831859
0.5230769230769231
0.34782608695652173
0.4528301886792453
0.3793103448275862
0.39215686274509803
0.3888888888888889
0.4411764705882353
0.3783783783783784
0.4827586206896552
0.4594594594594595
0.34782608695652173
0.38095238095238093
0.375
0.4523809523809524
0.37037037037037035
0.46153846153846156
0.4883720930232558
0.32432432432432434
0.32653061224489793
0.2962962962962963
0.4
0.4375
0.35714285714285715
0.34285714285714286
0.35294117647058826
0.42857142857142855
0.47058823529411764
0.5454545454545454
0.34210526315789475
0.3188405797101449
0.4444444444444444
0.3050847457627119
0.30303030303030304
0.3218390804597701
0.3333333333333333
0.3684210526315789
0.30434782608695654
0.4161073825503356
0.3673469387755102
0.38095238095238093
0.45454545454545453
0.3448275862068966
0.42105263157894735
0.39473684210526316
0.47058823529411764
0.36363636363636365
0.49122807017543857
0.32653061224489793
0.4444444444444444
0.33962264150943394
0.42424242424242425
0.36363636363636365
0.40540540540540543
0.45161290322580644
0.5405405405405406
0.4383561643835616
0.3333333333333333
0.47619047619047616
0.4
0.5384615384615384
0.3076923076923077
0.5390070921985816
0.4
0.43636363636363634
0.4117647058823529
0.4067796610169492
0.34285714285714286
0.34615384615384615
0.34375
0.34782608695652173
0.3508771929824561
0.3333333333333333
0.2857142857142857
0.4782608695652174
0.5054945054945055
0.5048543689320388
0.6666666666666666
0.6666666666666666
0.5
0.42105263157894735
0.5625
0.5393258426966292
0.41304347826086957
0.42592592592592593
0.4666666666666667
0.3333333333333333
0.3076923076923077
0.45
0.5301204819277109
0.375
0.32
0.4
0.40625
0.42857142857142855
0.36666666666666664
0.3728813559322034
0.25
0.45714285714285713
0.5925925925925926
0.3764705882352941
0.5686274509803921
0.1
0.4444444444444444
0.4166666666666667
0.4222222222222222
0.4883720930232558
0.6666666666666666
0.4666666666666667
0.42105263157894735
0.5490196078431373
0.4421052631578947
0.4166666666666667
0.5
0.38095238095238093
0.2857142857142857
0.5185185185185185
0.47619047619047616
0.3448275862068966
0.5
0.3300970873786408
0.411214953271028
0.25
0.5
0.39215686274509803
0.32
0.2727272727272727
0.39285714285714285
0.43478260869565216
0.43333333333333335
0.5581395348837209
0.4074074074074074
0.27450980392156865
0.4722222222222222
0.29411764705882354
0.358974358974359
0.2926829268292683
0.5476190476190477
0.3333333333333333
0.3548387096774194
0.32558139534883723
0.28169014084507044
0.2543352601156069
0.28169014084507044
0.46153846153846156
0.5
0.47058823529411764
0.3
0.45454545454545453
0.4117647058823529
0.34146341463414637
0.43312101910828027
0.4
0.5454545454545454
0.2857142857142857
0.44680851063829785
0.0
